{
    "x": -0.23759174346923829,
    "y": 1.7598471641540528,
    "z": 1.7677747011184693,
    "pan": 3.2628839015960695,
    "tilt": -44.946834564208987,
    "roll": 0.0,
    "fovx": 9.092967987060547,
    "fovy": 5.175532817840576,
    "focus": 0.0,
    "k1": 0.0,
    "k2": 0.000006645949270023266,
    "centerx": -2.050299882888794,
    "centery": -5.623000144958496
}