{
    "x": -0.23689723014831544,
    "y": 1.7025628089904786,
    "z": 1.7181968688964844,
    "pan": 2.930253744125366,
    "tilt": -44.946834564208987,
    "roll": 0.0,
    "fovx": 46.15042495727539,
    "fovy": 26.918861389160158,
    "focus": 0.0,
    "k1": -0.00022388240904547274,
    "k2": 0.00011539028491824865,
    "centerx": -2.050299882888794,
    "centery": -5.623000144958496
}