{
    "x": -0.2192704677581787,
    "y": 1.7196640968322755,
    "z": 1.7080678939819337,
    "pan": 2.9924356937408449,
    "tilt": -44.94834518432617,
    "roll": 0.0,
    "fovx": 97.33910369873047,
    "fovy": 65.07173156738281,
    "focus": 0.0,
    "k1": 0.0005878586671315134,
    "k2": -0.0011739941546693445,
    "centerx": -2.050299882888794,
    "centery": -5.623000144958496
}