{
    "x": -0.39841943979263308,
    "y": 1.7302966117858887,
    "z": 1.913332462310791,
    "pan": -60.66594314575195,
    "tilt": -44.94834518432617,
    "roll": 0.0,
    "fovx": 97.33911895751953,
    "fovy": 65.07173919677735,
    "focus": 0.0,
    "k1": 0.0005878601805306971,
    "k2": -0.0011740162735804916,
    "centerx": -2.050299882888794,
    "centery": -5.623000144958496
}