{
    "x": -0.055790841579437259,
    "y": 1.731220006942749,
    "z": 1.8488831520080567,
    "pan": 58.67829132080078,
    "tilt": -44.94834518432617,
    "roll": 0.0,
    "fovx": 97.33912658691406,
    "fovy": 65.0717544555664,
    "focus": 0.0,
    "k1": 0.0005878606461919844,
    "k2": -0.0011740237241610885,
    "centerx": -2.050299882888794,
    "centery": -5.623000144958496
}