{
    "x": -0.22219371795654298,
    "y": 1.6713361740112305,
    "z": 1.859679937362671,
    "pan": 7.326330184936523,
    "tilt": -67.95576477050781,
    "roll": 0.0,
    "fovx": 97.33912658691406,
    "fovy": 65.07176208496094,
    "focus": 0.0,
    "k1": 0.0005878611118532717,
    "k2": -0.0011740310583263636,
    "centerx": -2.050299882888794,
    "centery": -5.623000144958496
}