{
    "x": -0.21441984176635743,
    "y": 1.7295047044754029,
    "z": 1.772814393043518,
    "pan": 5.920660495758057,
    "tilt": -46.66759490966797,
    "roll": 0.0,
    "fovx": 61.968990325927737,
    "fovy": 37.273128509521487,
    "focus": 0.0,
    "k1": -0.000210834841709584,
    "k2": -0.000060250971728237346,
    "centerx": -2.050299882888794,
    "centery": -5.623000144958496
}