{
    "x": -0.11977267265319824,
    "y": 1.7299249172210694,
    "z": 1.7904212474822999,
    "pan": 34.43729782104492,
    "tilt": -46.64862823486328,
    "roll": 0.0,
    "fovx": 61.968990325927737,
    "fovy": 37.273128509521487,
    "focus": 0.0,
    "k1": -0.000210834841709584,
    "k2": -0.000060250971728237346,
    "centerx": -2.050299882888794,
    "centery": -5.623000144958496
}