{
    "x": -0.22051340341567994,
    "y": 1.7504258155822755,
    "z": 1.7744513750076295,
    "pan": 3.276923179626465,
    "tilt": -45.43459701538086,
    "roll": 0.0,
    "fovx": 25.187023162841798,
    "fovy": 14.228625297546387,
    "focus": 0.0,
    "k1": -0.00014636953710578382,
    "k2": -0.0000026460008939466208,
    "centerx": -2.050299882888794,
    "centery": -5.623000144958496
}