{
    "x": -0.2617875933647156,
    "y": 1.7507978677749634,
    "z": 1.7848105430603028,
    "pan": -9.797117233276368,
    "tilt": -45.37366485595703,
    "roll": 0.0,
    "fovx": 25.187023162841798,
    "fovy": 14.228625297546387,
    "focus": 0.0,
    "k1": -0.00014636953710578382,
    "k2": -0.0000026460008939466208,
    "centerx": -2.050299882888794,
    "centery": -5.623000144958496
}