{
    "x": -0.18381625413894654,
    "y": 1.7508678436279297,
    "z": 1.7744414806365967,
    "pan": 14.657449722290039,
    "tilt": -45.35167694091797,
    "roll": 0.0,
    "fovx": 25.187023162841798,
    "fovy": 14.228625297546387,
    "focus": 0.0,
    "k1": -0.00014636953710578382,
    "k2": -0.0000026460008939466208,
    "centerx": -2.050299882888794,
    "centery": -5.623000144958496
}