{
    "x": -0.22431427240371705,
    "y": 1.7389856576919556,
    "z": 1.7904043197631837,
    "pan": 1.6735875606536866,
    "tilt": -50.76607894897461,
    "roll": 0.0,
    "fovx": 31.331785202026368,
    "fovy": 17.85936737060547,
    "focus": 0.0,
    "k1": -0.00018292534514330328,
    "k2": 0.00010215606744168326,
    "centerx": -2.050299882888794,
    "centery": -5.623000144958496
}